START_GROUP
gleam_multi J002619-150423 6.58107566833 0.00025643457775 -15.0732879639 0.00024441833375 76 2.06486678123 0.0791550427675 84 0.582511126995 0.0667113214731 92 0.491690516472 0.0588959828019 99 0.443257719278 0.0582930035889 107 0.482385396957 0.0440528690815 115 0.487550377846 0.037136092782 122 0.437433093786 0.0357181094587 130 0.403142511845 0.0324832983315 143 0.44664517045 0.0287409201264 151 0.419996738434 0.024794228375 158 0.395385712385 0.0247425604612 166 0.364601522684 0.0249097067863 174 0.346595108509 0.0259636584669 181 0.379539877176 0.0248242244124 189 0.380421727896 0.0228204987943 197 0.333771795034 0.0231995433569 204 0.386759370565 0.0228944849223 212 0.329377144575 0.0213670376688 220 0.337553083897 0.0210123416036 227 0.308121681213 0.0218293070793 0.0601278389825 0.0377252070109 89.1757736206 -100000.0 -100000.0
nvss 002615-150451 6.566625 0.000166666664882 -15.0810277778 0.000194444437511 1400 0.039 0.00129999995232 0.00502777788374 0.00483333322737 nan -100000.0 C0032M16
nvss 002623-150405 6.59833333333 0.000166666664882 -15.0683055556 0.000166666679434 1400 0.0435 0.00139999997616 0.00513888888889 0.00450000021193 nan -100000.0 C0032M16
START_COMP
gleam_multi J002619-150423 6.58107566833 0.00025643457775 -15.0732879639 0.00024441833375 76 2.06486678123 0.0791550427675 84 0.582511126995 0.0667113214731 92 0.491690516472 0.0588959828019 99 0.443257719278 0.0582930035889 107 0.482385396957 0.0440528690815 115 0.487550377846 0.037136092782 122 0.437433093786 0.0357181094587 130 0.403142511845 0.0324832983315 143 0.44664517045 0.0287409201264 151 0.419996738434 0.024794228375 158 0.395385712385 0.0247425604612 166 0.364601522684 0.0249097067863 174 0.346595108509 0.0259636584669 181 0.379539877176 0.0248242244124 189 0.380421727896 0.0228204987943 197 0.333771795034 0.0231995433569 204 0.386759370565 0.0228944849223 212 0.329377144575 0.0213670376688 220 0.337553083897 0.0210123416036 227 0.308121681213 0.0218293070793 0.0601278389825 0.0377252070109 89.1757736206 -100000.0 -100000.0 vlssr J002615-150422 6.56354166667 0.00229166666667 -15.0728333333 0.00327777777778 74 0.72 0.13 0.0477777777778 0.0201666666667 25.5 -100000.0 0040-150 -100000.0 -100000.0 -100000.0 -100000.0 -100000.0 -100000.0 -100000.0 -100000.0 -100000.0 -100000.0 -100000.0 -100000.0 -100000.0 -100000.0 -100000.0 -100000.0 -100000.0 -100000.0 -100000.0 -100000.0 -100000.0 -100000.0 -100000.0 -100000.0 -100000.0 -100000.0 -100000.0 -100000.0 nvss 002615-150451 6.566625 0.000166666664882 -15.0810277778 0.000194444437511 1400 0.039 0.00129999995232 0.00502777788374 0.00483333322737 nan -100000.0 C0032M16 -100000.0 -100000.0 -100000.0 -100000.0 -100000.0 -100000.0 -100000.0 -100000.0 -100000.0 -100000.0 -100000.0 -100000.0 -100000.0 -100000.0 -100000.0 -100000.0 -100000.0 -100000.0 -100000.0 -100000.0 3.9354909869e-272 3.81680673675e-12 1.50210085113e-283
gleam_multi J002619-150423 6.58107566833 0.00025643457775 -15.0732879639 0.00024441833375 76 2.06486678123 0.0791550427675 84 0.582511126995 0.0667113214731 92 0.491690516472 0.0588959828019 99 0.443257719278 0.0582930035889 107 0.482385396957 0.0440528690815 115 0.487550377846 0.037136092782 122 0.437433093786 0.0357181094587 130 0.403142511845 0.0324832983315 143 0.44664517045 0.0287409201264 151 0.419996738434 0.024794228375 158 0.395385712385 0.0247425604612 166 0.364601522684 0.0249097067863 174 0.346595108509 0.0259636584669 181 0.379539877176 0.0248242244124 189 0.380421727896 0.0228204987943 197 0.333771795034 0.0231995433569 204 0.386759370565 0.0228944849223 212 0.329377144575 0.0213670376688 220 0.337553083897 0.0210123416036 227 0.308121681213 0.0218293070793 0.0601278389825 0.0377252070109 89.1757736206 -100000.0 -100000.0 vlssr J002615-150422 6.56354166667 0.00229166666667 -15.0728333333 0.00327777777778 74 0.72 0.13 0.0477777777778 0.0201666666667 25.5 -100000.0 0040-150 -100000.0 -100000.0 -100000.0 -100000.0 -100000.0 -100000.0 -100000.0 -100000.0 -100000.0 -100000.0 -100000.0 -100000.0 -100000.0 -100000.0 -100000.0 -100000.0 -100000.0 -100000.0 -100000.0 -100000.0 -100000.0 -100000.0 -100000.0 -100000.0 -100000.0 -100000.0 -100000.0 -100000.0 nvss 002623-150405 6.59833333333 0.000166666664882 -15.0683055556 0.000166666679434 1400 0.0435 0.00139999997616 0.00513888888889 0.00450000021193 nan -100000.0 C0032M16 -100000.0 -100000.0 -100000.0 -100000.0 -100000.0 -100000.0 -100000.0 -100000.0 -100000.0 -100000.0 -100000.0 -100000.0 -100000.0 -100000.0 -100000.0 -100000.0 -100000.0 -100000.0 -100000.0 -100000.0 0.0 3.81680673675e-12 0.0
END_COMP
STATS 2 2 2,3 eyeball combine
END_GROUP
